0 0.9310358502538072 0.9372513756345178 0.1379282994923857 -0.07648075126903535
0 0.49921875 0.3151656835776876 0.9984375 0.03099477497660441
0 0.16810755076142136 0.536881345177665 0.33621510152284273 -0.0999365482233503
0 0.35640712290502785 0.14939769553072624 0.10038407821229053 -0.2987953910614525
0 0.7165410850253807 0.36632367850154546 0.5637928299492385 0.03020162776848263
0 0.2045923223350255 0.3619613688568754 0.409184644670051 0.026235891727873505
0 0.1796081852791879 0.8113102791878173 0.3592163705583758 -0.09517766497461917
0 0.20300602791878175 0.4294098984771574 0.4060120558375635 -0.04996827411167519
0 0.7173223350253808 0.42343027748631706 0.5622303299492385 0.03654680543345723
0 0.6003608819796955 0.5332811658111901 0.3409977791878173 0.10872320137254352
0 0.5722041560913705 0.7724150490599211 0.31799651015228425 0.04130568868218818
0 0.5147009835025381 0.850936622663982 0.214094225888325 0.04606457193091913
0 0.8981202411167513 0.7898953045685282 0.2037595177664974 0.04282994923857908
0 0.8699635152284266 0.8719860406091373 0.260072969543147 0.02776015228426445
0 0.9532558692893403 0.5297430203045685 0.09036326142131959 0.14593908629441624
0 0.9219265545685278 0.14907201776649745 0.15302189086294415 0.2981440355329949
