0 0.49989636479591837 0.3145601343453415 0.9970822704081632 0.03409475848660128
0 0.3349808673469388 0.35929528061224497 0.6688456632653061 0.026307397959183642
0 0.8438855229591837 0.3544211518312683 0.30910395408163255 0.01655914039723032
0 0.8474728954081634 0.40001112834093033 0.3019292091836734 0.016858991375738076
0 0.33749202806122447 0.39994976831494117 -0.6749840561224489 0.013547495813555698
0 0.20822704081632662 0.6570471938775511 0.1634247448979592 0.3268494897959183
0 0.04639668367346943 0.5107621173469388 0.08689413265306123 0.1857461734693877
0 0.4960140306122449 0.6881377551020409 0.41055484693877553 0.03985969387755102
0 0.8654097576530614 0.6775948245509141 0.26605548469387746 0.023556996040603816
0 0.8683891180203045 0.7399270304568528 0.2600967639593909 0.017449238578680238
0 0.6102474619289341 0.7419098984771575 0.20066624365482255 -0.016656091370558367
