0 0.418304 0.429688 0.042857 0.059375
0 0.451786 0.482813 0.020536 0.030804
0 0.504399 0.485892 0.037925 0.054915
0 0.454035 0.609072 0.022148 0.028216
0 0.415504 0.617870 0.034284 0.050061
0 0.391383 0.570388 0.019417 0.028519
0 0.321106 0.571679 0.038809 0.052646
0 0.610320 0.678827 0.023286 0.030710
0 0.643561 0.630906 0.021598 0.030710
0 0.687095 0.571848 0.022948 0.032735
0 0.581803 0.546369 0.028348 0.039147
0 0.610657 0.557168 0.039484 0.058720
0 0.515659 0.696544 0.039822 0.056021
0 0.431797 0.753746 0.025310 0.033410
0 0.581297 0.829340 0.021936 0.027335
0 0.450381 0.361328 0.097191 0.066034
0 0.801283 0.532346 0.025563 0.036519
0 0.754200 0.596385 0.021651 0.027911
0 0.710651 0.658329 0.022219 0.026519
