0 0.226961 0.727997 0.065370 0.051020
0 0.537468 0.947624 0.061384 0.042251
0 0.738760 0.823661 0.076531 0.058992
0 0.930883 0.649872 0.066964 0.055804
0 0.460539 0.419085 0.071747 0.058195
0 0.566964 0.506776 0.072545 0.061384
0 0.503986 0.294324 0.096460 0.031888
0 0.401148 0.327806 0.078922 0.030293
0 0.075494 0.425861 0.078125 0.025510
0 0.424665 0.577505 0.059524 0.047743
0 0.892485 0.769717 0.057664 0.046503
0 0.981386 0.841806 0.037229 0.031507
0 0.844994 0.904314 0.059458 0.040100
0 0.590039 0.363290 0.056689 0.051801
0 0.537468 0.318638 0.055006 0.050223
0 0.946280 0.415514 0.058767 0.053927
